                                fnname           clock    nsamples     min  perc50     mean    perc95            max     stddev     drift
                                ------           -----    --------     ---  ------     ----    ------            ---     ------     -----
                    libc_gettime_clock  THREAD_CPUTIME     100,000   8,560   9,560    9,701     9,750        192,160      4,064  0.000845
                    libc_gettime_clock  THREAD_CPUTIME     100,000   8,530   9,590    9,682     9,810        171,300      3,228  0.007462
                   plat_x86_64::rdtscp            None     100,000   7,770   8,830   34,726     9,030     62,020,383  1,044,923       ---
                               instant            None     100,000   8,000   8,910   39,171     9,110     59,017,631  1,020,012  0.999878
                   plat_x86_64::rdtscp            None     100,000   7,769   8,849   42,801     9,049     60,019,491  1,117,507       ---
                    libc_gettime_clock   MONOTONIC_RAW     100,000   7,810   8,880   44,012     9,080     66,017,974  1,233,766  0.999977
                               instant            None     100,000   7,789   8,860   54,322     9,060     59,030,401  1,306,065  0.999768
                    libc_gettime_clock       MONOTONIC     100,000   7,790   8,880   56,495     9,090     64,016,862  1,360,952  0.999906
                   plat_x86_64::rdtscp            None     100,000   8,009   8,879   55,916     9,059     60,017,540  1,365,291       ---
                   plat_x86_64::rdtscp            None     100,000   7,820   8,880   54,348     9,060     69,017,099  1,340,675       ---
                               instant            None     100,000   7,900   8,870   59,026     9,080     56,015,241  1,315,380  0.999926
                    libc_gettime_clock       MONOTONIC     100,000   7,799   8,870   60,408     9,080     63,016,491  1,439,878  0.999984
                    libc_gettime_clock  THREAD_CPUTIME     100,000   8,560   9,630    9,715     9,860        169,210      3,004  0.008694
                    libc_gettime_clock       MONOTONIC     100,000   7,780   8,870   58,993     9,080     64,016,412  1,416,269  0.999991
                               instant            None     100,000   7,800   8,879   61,669     9,080     53,030,780  1,362,654  0.999920
                               instant            None     100,000   7,789   8,830   65,738     9,040     62,024,372  1,479,385  0.999900
                   plat_x86_64::rdtscp            None     100,000   7,770   8,850   67,919     9,050     66,019,352  1,481,668       ---
                    libc_gettime_clock  THREAD_CPUTIME     100,000   8,560   9,640    9,738     9,850        182,470      3,664  0.001584
                   plat_x86_64::rdtscp            None     100,000   7,859   8,859   69,138     9,049     58,017,346  1,502,281       ---
                    libc_gettime_clock   MONOTONIC_RAW     100,000   7,790   8,890   71,203     9,080     64,017,414  1,635,710  0.999990
                               instant            None     100,000   7,800   8,879   72,687     9,079     62,016,731  1,488,618  0.999925
                    libc_gettime_clock   MONOTONIC_RAW     100,000   7,800   8,870   72,170     9,070     67,018,934  1,628,572  0.999906
                               instant            None     100,000   7,819   8,880   75,733     9,079     60,021,721  1,651,025  0.999925
                   plat_x86_64::rdtscp            None     100,000   8,109   8,889   76,899     9,069     65,017,876  1,649,682       ---
                               instant            None     100,000   7,810   8,890   78,255     9,100     57,017,111  1,630,707  0.999915
                               instant            None     100,000   7,790   8,870   78,177     9,080     54,017,580  1,573,928  0.999920
                    libc_gettime_clock   MONOTONIC_RAW     100,000   7,790   8,890   79,289     9,090     68,018,395  1,707,462  1.000016
                               instant            None     100,000   7,900   8,900   80,870     9,110     68,017,013  1,740,392  0.999859
                    libc_gettime_clock   MONOTONIC_RAW     100,000   7,790   8,880   80,276     9,090     65,018,774  1,678,812  0.999980
                    libc_gettime_clock   MONOTONIC_RAW     100,000   7,811   8,890   81,768     9,091     65,019,084  1,707,290  0.999998
                    libc_gettime_clock   MONOTONIC_RAW     100,000   7,790   8,890   83,929     9,090     63,027,074  1,692,918  0.999977
                   plat_x86_64::rdtscp            None     100,000   7,879   8,869   84,725     9,059     54,015,847  1,609,353       ---
                    libc_gettime_clock  THREAD_CPUTIME     100,000   8,550   9,640    9,729     9,860        176,010      2,364  0.000847
                    libc_gettime_clock  THREAD_CPUTIME     100,000   8,570   9,630    9,710     9,850        178,030      2,680  0.006556
                   plat_x86_64::rdtscp            None     100,000   7,880   8,850   85,956     9,040     68,022,822  1,744,553       ---
                   plat_x86_64::rdtscp            None     100,000   7,770   8,870   87,147     9,060     58,021,655  1,664,731       ---
                    libc_gettime_clock       MONOTONIC     100,000   7,800   8,889   87,688     9,090     68,017,723  1,682,671  0.999924
                    libc_gettime_clock   MONOTONIC_RAW     100,000   7,810   8,870   88,442     9,070     70,106,426  1,804,320  0.999925
                    libc_gettime_clock  THREAD_CPUTIME     100,000   8,560   9,640    9,715     9,850        175,820      1,977  0.008286
                   plat_x86_64::rdtscp            None     100,000   8,049   8,869   89,281     9,049     63,042,576  1,798,390       ---
                               instant            None     100,000   7,900   8,899   90,660     9,100     64,017,732  1,750,354  0.999936
                    libc_gettime_clock  THREAD_CPUTIME     100,000   8,560   9,650    9,722     9,880        186,960      1,869  0.001770
                               instant            None     100,000   7,880   8,880   92,341     9,060     57,028,680  1,804,784  0.999979
                    libc_gettime_clock       MONOTONIC     100,000   7,860   8,880   90,103     9,080     64,016,152  1,770,161  0.999994
                    libc_gettime_clock       MONOTONIC     100,000   8,249   8,860   90,354     9,059     58,016,941  1,753,888  0.999977
                   plat_x86_64::rdtscp            None     100,000   7,860   8,860   91,496     9,050     59,021,043  1,771,234       ---
                    libc_gettime_clock   MONOTONIC_RAW     100,000   7,790   8,890   91,252     9,100     66,017,845  1,784,031  1.000016
                    libc_gettime_clock       MONOTONIC     100,000   7,789   8,880   90,031     9,069     60,021,801  1,769,702  0.999990
                    libc_gettime_clock  THREAD_CPUTIME     100,000   8,890   9,640    9,680     9,820         43,570        549  0.001750
                    libc_gettime_clock  THREAD_CPUTIME     100,000   8,540   9,640    9,700     9,840        163,580      1,410  0.007792
                    libc_gettime_clock       MONOTONIC     100,000   7,920   8,880   93,303     9,080     63,016,132  1,793,634  0.999955
                    libc_gettime_clock  THREAD_CPUTIME     100,000   8,560   9,630    9,698     9,820        184,540      2,140  0.000563
                    libc_gettime_clock   MONOTONIC_RAW     100,000   7,800   8,890   91,350     9,080     67,019,015  1,831,122  0.999985
                               instant            None     100,000   7,790   8,900   94,523     9,100     67,016,643  1,777,030  0.999915
                    libc_gettime_clock   MONOTONIC_RAW     100,000   7,800   8,880   93,272     9,060     68,018,535  1,835,442  0.999998
                               instant            None     100,000   7,800   8,890   95,159     9,090     67,018,073  1,837,669  0.999917
                   plat_x86_64::rdtscp            None     100,000   7,770   8,880   92,416     9,070     64,017,778  1,797,894       ---
                    libc_gettime_clock       MONOTONIC     100,000   7,800   8,899   92,723     9,100     62,027,181  1,790,382  0.999993
                    libc_gettime_clock       MONOTONIC     100,000   7,790   8,900   95,151     9,100     64,016,182  1,835,344  0.999924
                   plat_x86_64::rdtscp            None     100,000   7,780   8,880   94,233     9,060     58,018,476  1,797,639       ---
                    libc_gettime_clock       MONOTONIC     100,000   7,840   8,890   92,242     9,080     65,017,502  1,828,330  0.999990
                    libc_gettime_clock  THREAD_CPUTIME     100,000   8,550   9,650    9,747     9,860        197,110      2,691  0.005611
                    libc_gettime_clock       MONOTONIC     100,000   7,789   8,910   95,100     9,120     65,018,222  1,804,418  0.999990
                    libc_gettime_clock       MONOTONIC     100,000   8,080   8,900   95,854     9,110     65,016,373  1,811,197  0.999915
                               instant            None     100,000   8,070   8,900   95,415     9,110     65,016,293  1,813,492  0.999880
                    libc_gettime_clock       MONOTONIC     100,000   7,790   8,900   94,689     9,100     68,017,743  1,813,682  0.999982
                   plat_x86_64::rdtscp            None     100,000   7,769   8,879   94,536     9,069     62,016,373  1,836,700       ---
                    libc_gettime_clock   MONOTONIC_RAW     100,000   7,790   8,880   94,491     9,070     64,018,924  1,849,376  0.999925
                               instant            None     100,000   8,040   8,880   96,175     9,060     62,019,042  1,834,824  0.999783
                    libc_gettime_clock   MONOTONIC_RAW     100,000   7,860   8,890   93,988     9,080     66,017,494  1,817,451  0.999998
                    libc_gettime_clock  THREAD_CPUTIME     100,000   8,550   9,650    9,764     9,860        154,080      2,989  0.004269
                    libc_gettime_clock   MONOTONIC_RAW     100,000   8,190   8,890   94,974     9,080     58,026,262  1,825,576  1.000016
                    libc_gettime_clock       MONOTONIC     100,000   7,840   8,890   96,324     9,090     66,023,422  1,860,357  0.999991
                    libc_gettime_clock       MONOTONIC     100,000   7,840   8,880   95,301     9,070     64,033,002  1,844,324  0.999932
                   plat_x86_64::rdtscp            None     100,000   8,049   8,879   93,218     9,059     65,017,075  1,796,484       ---
                    libc_gettime_clock   MONOTONIC_RAW     100,000   7,810   8,890   95,288     9,070     62,019,993  1,839,496  1.000016
                    libc_gettime_clock  THREAD_CPUTIME     100,000   8,570   9,640    9,724     9,820        159,960      2,391  0.001630
                    libc_gettime_clock   MONOTONIC_RAW     100,000   7,800   8,890   93,797     9,080     62,018,083  1,822,370  0.999983
                    libc_gettime_clock  THREAD_CPUTIME     100,000   8,570   9,640    9,787     9,840        191,220      3,809  0.001911
                    libc_gettime_clock  THREAD_CPUTIME     100,000   8,800   9,630    9,666     9,810         38,050        531  0.001085
