                                fnname          clock     nsamples     min  perc50        mean  perc95            max      stddev        drift
                                ------          -----     --------     ---  ------        ----  ------            ---      ------        -----
                               instant           None      100,000   7,940   8,860      39,827   9,080     96,027,725   1,074,243     0.999906
                    libc_gettime_clock      MONOTONIC      100,000   7,780   8,660      40,274   9,160    103,017,391   1,179,949     0.999980
                    libc_gettime_clock  MONOTONIC_RAW      100,000   7,800   8,870      42,792   9,090    108,024,620   1,323,144     1.000003
                    libc_gettime_clock      MONOTONIC      100,000   7,779   8,880      45,479   9,120    110,016,652   1,344,841     0.999943
                    libc_gettime_clock THREAD_CPUTIME      100,000   8,540   9,630       9,712   9,850        176,980       1,812     0.001651
                   plat_x86_64::rdtscp           None      100,000   7,869   8,849      51,363   9,059     97,015,188   1,427,346          ---
                    libc_gettime_clock      MONOTONIC      100,000   7,960   8,870      51,576   9,100     92,017,038   1,447,687     0.999994
                    libc_gettime_clock  MONOTONIC_RAW      100,000   7,790   8,850      52,750  10,250     80,025,830   1,431,147     0.999999
                   plat_x86_64::rdtscp           None      100,000   8,039   8,849      59,836   9,059    109,019,957   1,481,276          ---
                    libc_gettime_clock  MONOTONIC_RAW      100,000   7,790   8,860      64,113   9,100    110,022,841   1,581,126     0.999951
                               instant           None      100,000   8,080   8,870      64,765   9,090    125,021,653   1,579,894     0.999908
                   plat_x86_64::rdtscp           None      100,000   7,779   8,849      63,976   9,059     87,018,045   1,532,018          ---
                   plat_x86_64::rdtscp           None      100,000   7,769   8,849      67,451   9,069     83,018,797   1,672,999          ---
                               instant           None      100,000   7,810   8,880      70,915   9,109     73,016,364   1,574,830     0.999977
                    libc_gettime_clock      MONOTONIC      100,000   7,800   8,870      70,722   9,109     92,020,991   1,605,219     0.999994
                    libc_gettime_clock      MONOTONIC      100,000   7,810   8,860      72,339   9,100     89,016,237   1,612,249     0.999996
                    libc_gettime_clock THREAD_CPUTIME      100,000   8,570   9,640       9,683   9,880         59,320         683     0.001338
                    libc_gettime_clock  MONOTONIC_RAW      100,000   7,800   8,870      78,365   9,100    101,032,818   1,818,811     1.000006
                    libc_gettime_clock      MONOTONIC      100,000   7,780   8,860      77,406   9,080    106,020,181   1,834,565     0.999991
                               instant           None      100,000   7,790   8,869      78,128   9,110    105,018,062   1,954,194     0.999821
                               instant           None      100,000   7,800   8,870      83,318   9,090    114,021,873   1,806,573     0.999909
                   plat_x86_64::rdtscp           None      100,000   7,779   8,879      83,249   9,089     93,019,551   1,946,052          ---
                    libc_gettime_clock  MONOTONIC_RAW      100,000   7,790   8,860      84,069   9,230    100,052,287   1,884,811     1.000007
                   plat_x86_64::rdtscp           None      100,000   7,819   8,819      85,404   9,059    100,020,839   2,039,326          ---
                               instant           None      100,000   7,800   8,870      87,650   9,100    106,022,341   1,895,555     0.999785
                    libc_gettime_clock      MONOTONIC      100,000   7,800   8,860      87,318   9,100     99,021,759   1,833,720     0.999993
                               instant           None      100,000   7,900   8,850      89,493   9,159    102,019,910   1,997,689     0.999981
                               instant           None      100,000   7,899   8,880      90,404   9,240    110,018,909   1,950,567     0.999974
                               instant           None      100,000   7,900   8,880      92,977   9,120    115,021,397   2,067,102     0.999878
                               instant           None      100,000   7,790   8,849      91,468   9,159    115,048,022   2,061,332     0.999980
                    libc_gettime_clock  MONOTONIC_RAW      100,000   7,790   8,870      94,149   9,120    110,023,510   1,995,963     0.999942
                    libc_gettime_clock      MONOTONIC      100,000   7,810   8,870      93,756   9,130     92,086,996   1,988,094     0.999991
                               instant           None      100,000   7,790   8,880      94,709  10,379    115,026,130   1,985,907     0.999737
                    libc_gettime_clock  MONOTONIC_RAW      100,000   7,810   8,880      93,772   9,150     86,020,261   1,957,590     0.999935
                   plat_x86_64::rdtscp           None      100,000   7,769   8,859      94,637   9,069     93,019,970   2,039,568          ---
                   plat_x86_64::rdtscp           None      100,000   7,860   8,840      94,131   9,050    101,031,088   2,082,915          ---
                   plat_x86_64::rdtscp           None      100,000   7,770   8,850      95,773   9,070    112,035,136   2,124,804          ---
                    libc_gettime_clock  MONOTONIC_RAW      100,000   7,790   8,860      95,743   9,140    122,023,465   2,118,837     0.999999
                    libc_gettime_clock      MONOTONIC      100,000   7,790   8,849      95,354   9,139    106,018,313   2,068,918     0.999977
                   plat_x86_64::rdtscp           None      100,000   7,919   8,859      96,078   9,059     86,061,461   1,983,223          ---
                    libc_gettime_clock  MONOTONIC_RAW      100,000   7,790   8,870      95,383   9,100    106,025,289   1,994,836     0.999967
                    libc_gettime_clock      MONOTONIC      100,000   7,810   8,860      95,926   9,127    104,028,250   2,100,367     0.999991
                    libc_gettime_clock      MONOTONIC      100,000   7,790   8,860      96,340   9,107     84,019,248   2,028,153     0.999974
                               instant           None      100,000   7,790   8,870      97,808   9,100     97,022,122   2,061,194     0.999985
                    libc_gettime_clock THREAD_CPUTIME      100,000   8,560   9,650       9,773   9,910        171,820       3,317     0.001570
                    libc_gettime_clock  MONOTONIC_RAW      100,000   7,800   8,880      97,645   9,120    107,024,759   2,072,794     1.000010
                               instant           None      100,000   7,800   8,860      99,511   9,100    104,019,048   2,044,816     0.999979
                               instant           None      100,000   7,839   8,860      99,758   9,090    113,018,128   2,194,341     0.999877
                    libc_gettime_clock THREAD_CPUTIME      100,000   8,560   9,640       9,744   9,930        173,520       2,150     0.001563
                    libc_gettime_clock THREAD_CPUTIME      100,000   8,560   9,630       9,704   9,850        148,900       2,526     0.007630
                   plat_x86_64::rdtscp           None      100,000   7,830   8,850     101,311   9,070    130,030,597   2,164,548          ---
                    libc_gettime_clock      MONOTONIC      100,000   7,890   8,860      99,753   9,110    122,018,606   2,063,757     0.999993
                   plat_x86_64::rdtscp           None      100,000   7,779   8,869     100,634   9,069     99,021,727   2,024,279          ---
                    libc_gettime_clock THREAD_CPUTIME      100,000   8,550   9,640       9,749   9,880        152,970       2,778     0.000558
                   plat_x86_64::rdtscp           None      100,000   7,819   8,849     101,035   9,059     99,019,177   2,114,554          ---
                    libc_gettime_clock  MONOTONIC_RAW      100,000   7,830   8,870     103,198   9,120     83,966,251   2,033,898     1.000002
                    libc_gettime_clock      MONOTONIC      100,000   7,850   8,860     101,971   9,137    118,017,936   2,195,351     0.999915
                               instant           None      100,000   7,809   8,897     103,084   9,139    106,018,584   2,083,713     0.999985
                    libc_gettime_clock THREAD_CPUTIME      100,000   8,540   9,640       9,755   9,880        166,410       3,045     0.000944
                   plat_x86_64::rdtscp           None      100,000   7,799   8,849     104,027   9,059    103,026,811   2,118,626          ---
                    libc_gettime_clock THREAD_CPUTIME      100,000   8,550   9,610       9,788   9,970        170,620       3,141     0.001325
                    libc_gettime_clock  MONOTONIC_RAW      100,000   7,790   8,880     104,564   9,190    115,024,473   2,154,327     1.000002
                               instant           None      100,000   7,880   8,880     105,011   9,130    105,020,489   2,129,326     0.999966
                    libc_gettime_clock  MONOTONIC_RAW      100,000   7,800   8,870     105,093   9,120     83,020,641   2,065,912     1.000003
                    libc_gettime_clock  MONOTONIC_RAW      100,000   7,790   8,880     103,108   9,120    114,025,212   2,118,291     0.999990
                    libc_gettime_clock  MONOTONIC_RAW      100,000   7,810   8,890     105,033   9,180    135,032,600   2,223,913     1.000006
                    libc_gettime_clock      MONOTONIC      100,000   7,790   8,859     105,920   9,110    113,022,888   2,223,464     0.999921
                   plat_x86_64::rdtscp           None      100,000   7,779   8,849     105,276   9,069    106,067,346   2,173,768          ---
                   plat_x86_64::rdtscp           None      100,000   7,890   8,850     104,349   9,080     95,027,918   2,165,921          ---
                    libc_gettime_clock      MONOTONIC      100,000   7,779   8,880     106,571   9,140    126,018,366   2,104,481     0.999943
                    libc_gettime_clock  MONOTONIC_RAW      100,000   7,800   8,860     105,946   9,150    109,028,880   2,184,498     1.000002
                    libc_gettime_clock THREAD_CPUTIME      100,000   8,550   9,640       9,734   9,890        166,770       2,331     0.000477
                    libc_gettime_clock      MONOTONIC      100,000   7,800   8,870     105,486   9,100     90,018,128   2,125,424     0.999992
                    libc_gettime_clock THREAD_CPUTIME      100,000   8,560   9,630       9,693   9,860        167,750       1,422     0.009536
                    libc_gettime_clock THREAD_CPUTIME      100,000   8,580   9,640       9,766   9,990        163,980       2,020     0.000154
                    libc_gettime_clock THREAD_CPUTIME      100,000   8,560   9,630       9,680   9,870        146,850         862     0.000790
                    libc_gettime_clock THREAD_CPUTIME      100,000   8,540   9,620       9,707   9,890        170,010       2,585     0.001093
                    libc_gettime_clock THREAD_CPUTIME      100,000   8,550   9,630       9,702   9,870        167,270       1,872     0.009195
                    libc_gettime_clock THREAD_CPUTIME      100,000   8,550   9,620       9,673   9,890        167,570         885     0.000545
                    libc_gettime_clock THREAD_CPUTIME      100,000   8,800   9,630       9,670   9,900        165,580       1,136     0.000709
